# T     susc
0.62    7.790883388888891
0.63    7.764399055555555
0.64    8.283774055555556
0.65    8.641395300000001
0.66    9.057892700000002
0.67    9.48572158888889
0.68    9.992407422222218
0.69    10.627693599999994
0.7     11.443747411111104
0.71    12.49405409999999
0.72    13.932502933333335
0.73    15.994691188888883
0.74    18.969850411111103
0.75    23.008846577777778
0.76    27.862525644444442
0.77    32.55628545555555
0.78    36.01739306666666
0.79    37.83074187777778
0.8     38.13083303333333
0.81    37.27109316666667
0.82    35.583666622222225