# T     susc
0.62    516.9047244444447
0.63    440.65184111111216
0.64    533.5993233333323
0.65    567.4050922222217
0.66    592.5714966666662
0.67    629.2720644444441
0.68    711.8774788888893
0.69    833.2937955555552
0.7     1141.016351111111
0.71    2156.110273333333
0.72    2768.4023811111115
0.73    2077.437481111111
0.74    1209.5340633333333
0.75    697.1410166666667
0.76    425.3072044444444
0.77    279.07185444444445
0.78    193.32295333333337
0.79    140.24442555555555
0.8     105.65592
0.81    81.97770111111112
0.82    65.3200211111111