# T     susc
0.62    4646.741677777775
0.63    3963.1194555555467
0.64    4519.346688888894
0.65    4933.665188888886
0.66    5488.783122222223
0.67    6043.271877777781
0.68    6508.92324444444
0.69    8923.454411111112
0.7     25664.166444444443
0.71    18970.11511111111
0.72    7096.945877777777
0.73    2752.320222222222
0.74    1306.5799
0.75    702.9342444444444
0.76    438.9554222222222
0.77    281.1153111111111
0.78    195.10081111111114
0.79    140.28902222222223
0.8     105.3339
0.81    82.52227777777779
0.82    64.67451111111112