# T     susc
0.62    63.98061911111104
0.63    60.71468188888879
0.64    66.35559933333337
0.65    70.38401233333337
0.66    73.14231655555558
0.67    77.13655622222223
0.68    82.87780811111114
0.69    91.13778677777782
0.7     104.15063966666675
0.71    128.57192088888894
0.72    178.7424087777778
0.73    259.43093833333336
0.74    315.31400977777776
0.75    314.3366094444445
0.76    275.3793034444445
0.77    221.98319644444445
0.78    171.68804388888887
0.79    131.59644577777777
0.8     101.91565077777777
0.81    80.27255422222221
0.82    64.424323