# T     susc
0.85    81.01933533333333
0.86    83.5977328888889
0.87    87.1005654444445
0.88    91.76058899999994
0.89    98.51833188888887
0.9     109.14259488888892
0.91    126.57927144444444
0.92    156.7113068888889
0.93    205.39389711111107
0.94    263.87772622222224
0.95    304.52301111111103
0.96    312.78712888888884
0.97    294.92615411111115
0.98    260.9921867777778
0.99    220.8258708888889
1.0     181.88454
1.01    148.1726454444444
1.02    120.68483666666667
1.03    99.02524766666666
1.04    82.0238908888889
1.05    68.68360144444445
1.06    58.123794222222216
1.07    49.701079
1.08    42.898121999999994
1.09    37.34976388888889
1.1     32.786587