# T     susc
0.85    682.1132366666668
0.86    707.2021566666667
0.87    735.3782655555555
0.88    801.9132744444447
0.89    927.517811111111
0.9     1226.8374366666667
0.91    1929.65683
0.92    2613.600591111111
0.93    2505.1690222222223
0.94    1892.5326977777777
0.95    1261.0862644444446
0.96    824.6483377777777
0.97    554.8659344444444
0.98    387.5066988888889
0.99    280.78393
1.0     210.1523811111111
1.01    161.85991111111113
1.02    127.61676555555556
1.03    102.52686555555556
1.04    83.95672111111111
1.05    69.75196555555554
1.06    58.77679222222223
1.07    50.07729777777777
1.08    43.11749666666667
1.09    37.52815888888889
1.1     32.89198