# T     susc
0.85    5809.08193333333
0.86    6035.218633333333
0.87    6297.3201222222215
0.88    7336.997333333329
0.89    11050.144833333337
0.9     21768.877900000003
0.91    19781.89022222222
0.92    10188.831533333332
0.93    4690.8946
0.94    2423.3772999999997
0.95    1386.3486777777778
0.96    853.9401999999999
0.97    559.7529777777778
0.98    391.86987777777773
0.99    282.58192222222226
1.0     211.5298
1.01    162.10742222222223
1.02    127.27636666666668
1.03    102.31547777777777
1.04    83.69167777777777
1.05    69.77993333333335
1.06    58.65015555555556
1.07    49.743277777777784
1.08    43.387366666666665
1.09    37.336733333333335
1.1     32.772377777777784