# T     susc
0.85    40122.43611111114
0.86    41559.30544444446
0.87    41930.57622222225
0.88    62511.29833333338
0.89    173501.6372222222
0.9     104569.9758888889
0.91    28955.063000000002
0.92    10822.377000000002
0.93    4836.883777777778
0.94    2501.744444444445
0.95    1347.781777777778
0.96    875.4987777777778
0.97    541.8083333333334
0.98    403.20166666666665
0.99    265.0966666666667
1.0     221.5276666666667
1.01    161.00700000000003
1.02    128.281
1.03    106.08711111111111
1.04    85.42300000000002
1.05    71.51077777777778
1.06    58.93877777777778
1.07    51.40955555555556
1.08    43.28055555555556
1.09    36.687666666666665
1.1     30.967666666666666