# T     Cv
0.73    1.592883359999918
0.74    1.6956959399997404
0.75    1.8169440000007069
0.76    1.9333320799994154
0.77    2.1025173400000856
0.78    2.2652143800002
0.79    2.49388464000003
0.8     2.7669775999989588
0.81    3.1331901600012557
0.82    3.7377010399994273
0.83    4.542277090000594
0.84    4.629680159999335
0.85    4.268691500000778
0.86    3.8466647599993835
0.87    3.4663818900000445
0.88    3.1499494400000634
0.89    2.8992453099999973
0.9     2.645266500000407
0.91    2.47777529999935
0.92    2.2320202799998867
0.93    2.158689030000454
0.94    2.0111769999998845