# T     Cv
0.68    1.5420468800007454
0.69    1.6220513100002996
0.7     1.7398940999998598
0.71    1.8868874800008966
0.72    2.0479910399990846
0.73    2.246430460000163
0.74    2.5373800799998047
0.75    2.8877880000002776
0.76    3.454180999999859
0.77    4.594231950000334
0.78    6.474832259999558
0.79    5.769465590000136
0.8     4.672046399999341
0.81    3.9635519400009116
0.82    3.423258099999679
0.83    3.1225454900001033
0.84    2.8060855200000767
0.85    2.5854713499997453
0.86    2.3947448200003367
0.87    2.2090422299998784
0.88    2.0818784799997196