# T     Cv
0.82    1.6205045000008618
0.83    1.6953712799998117
0.84    1.77286031999999
0.85    1.872070599999552
0.86    1.9912543200006239
0.87    2.135032199999546
0.88    2.378970880000029
0.89    2.5818330400003617
0.9     2.684420999999657
0.91    2.7381499600001455
0.92    2.7065314399991407
0.93    2.628620820000819
0.94    2.5637061799999894
0.95    2.4370853499997165
0.96    2.37694752000017
0.97    2.233633550000439
0.98    2.146866399999346
0.99    2.0625709500006955
1.0     1.9586939999993707
1.01    1.8866426300001278
1.02    1.7952765000001965
1.03    1.717954510000018
1.04    1.6472976000000625