# T     susc
0.68    633.0440444444449
0.69    636.2388522222225
0.7     649.2190888888897
0.71    662.513573333333
0.72    681.0628700000007
0.73    703.4917666666665
0.74    747.7942444444441
0.75    835.5153922222222
0.76    1041.027572222222
0.77    1642.2377688888891
0.78    2585.219261111111
0.79    2555.420083333333
0.8     1833.35137
0.81    1138.2587255555554
0.82    704.3212233333334
0.83    456.6181766666667
0.84    311.8906444444445
0.85    222.5229
0.86    164.92505888888888
0.87    126.11202444444444
0.88    98.98358555555556
0.89    79.33196777777778
0.9     65.00065777777777
0.91    53.90923888888889
0.92    45.52178444444444
0.93    38.79695
0.94    33.43485888888889
0.95    29.16469888888889
0.96    25.589332222222225
0.97    22.66492
0.98    20.220612222222222