# T     susc
0.68    40846.698777777805
0.69    59298.4755555556
0.7     60680.40922222222
0.71    43181.31344444445
0.72    66189.00433333329
0.73    45785.20855555558
0.74    60262.94500000005
0.75    103275.62688888892
0.76    175009.51055555558
0.77    50711.10144444445
0.78    12581.151333333335
0.79    5184.877777777778
0.8     2214.428
0.81    1292.7601111111112
0.82    718.9906666666668
0.83    452.26655555555556
0.84    475.2501111111112
0.85    228.86855555555556
0.86    162.18733333333338
0.87    142.46922222222224
0.88    99.93244444444447
0.89    83.29711111111112
0.9     69.68555555555557
0.91    58.869333333333344
0.92    48.26633333333334
0.93    45.48033333333334
0.94    34.76888888888889
0.95    25.880111111111113
0.96    30.32088888888889
0.97    24.404666666666667
0.98    20.964222222222222