# T     susc
0.68    72.83124655555547
0.69    74.42924711111114
0.7     76.0356585555555
0.71    78.11857600000002
0.72    80.4086526666666
0.73    83.31888255555549
0.74    87.53223555555553
0.75    93.57690811111115
0.76    103.11994288888886
0.77    119.83904577777771
0.78    150.81750022222224
0.79    205.7633466666667
0.8     273.7932901111111
0.81    313.8944092222222
0.82    311.9291448888889
0.83    280.999057
0.84    236.2195361111111
0.85    190.52920244444442
0.86    150.9708497777778
0.87    119.68156222222221
0.88    95.89539633333332
0.89    77.81698055555555
0.9     64.05057177777778
0.91    53.42615611111111
0.92    45.141934777777784
0.93    38.585122111111104
0.94    33.32691522222222
0.95    29.04794188888889
0.96    25.53926888888889
0.97    22.628520999999996
0.98    20.183648666666667