# T     susc
0.68    5593.919088888887
0.69    5653.1131333333315
0.7     5680.127277777774
0.71    5698.154366666665
0.72    5924.897066666669
0.73    6047.437588888889
0.74    6715.234777777776
0.75    8018.841355555553
0.76    16186.487344444444
0.77    22374.219366666668
0.78    11862.02021111111
0.79    4884.475377777778
0.8     2301.9408777777776
0.81    1211.1497666666667
0.82    717.5360555555557
0.83    463.1686
0.84    310.4182666666667
0.85    223.61863333333335
0.86    166.81202222222223
0.87    128.62179999999998
0.88    98.32475555555556
0.89    79.33375555555556
0.9     64.41675555555554
0.91    54.669011111111104
0.92    44.887800000000006
0.93    38.70854444444444
0.94    34.05321111111111
0.95    29.342455555555553
0.96    25.81493333333333
0.97    22.7517
0.98    20.66476666666667